 Start_A
 0.6557406991565868	0.6787351548577735	0.6554778901775566	0.27692298496089	0.6948286229758171
 0.03571167857418955	0.7577401305783335	0.1711866878115618	0.04617139063115394	0.3170994800608605
 0.8491293058687771	0.7431324681249162	0.7060460880196088	0.09713178123584754	0.9502220488383549
 0.9339932477575506	0.3922270195341682	0.03183284637742068	0.8234578283272926	0.03444608050290876
 End_A
 Start_B
 0.4387443596563982	0.7951999011370632	0.4455862007108995
 0.3815584570930084	0.1868726045543786	0.6463130101112646
0.7655167881490024	0.4897643957882311	0.7093648308580726
End_B