kernel0
-60.656895 -46.370594 -47.003628 -38.311768 -44.009254 -70.589005 33.591248 -47.35981 35.496433 -62.91061 -40.70514 49.990707 -46.558514 -45.46397 -46.84245 -41.296455 -45.04915 -48.66876 -42.03966 -46.956844 -56.39145 -46.517746 -46.19511 -37.02019 -44.402527 -48.933247 -46.47812 -44.800648 -46.843086 -46.126247 
-64.13297 -37.552315 -36.989872 -47.8182 -37.93509 -64.262405 38.58108 -38.29183 41.087093 -66.84246 -34.6629 39.506966 -36.8098 -36.721684 -37.13182 -34.861923 -36.004475 -53.84079 -35.263065 -38.05907 -60.36956 -36.788113 -40.173218 -30.86354 -34.76454 -42.80838 -37.00565 -38.46722 -37.379128 -36.439816 
-64.31565 -39.008183 -40.109615 -45.42631 -37.10465 -64.19784 40.356422 -39.741745 42.808006 -66.17486 -34.424873 43.31822 -39.934357 -38.537697 -39.69773 -34.676807 -38.260487 -52.364616 -35.572224 -40.120872 -60.30842 -38.944607 -39.669415 -30.906353 -36.7079 -42.363895 -39.184433 -37.74458 -39.223873 -39.35902 
-62.649746 -36.324574 -36.939682 -48.70089 -35.452595 -61.679066 41.48968 -37.65334 43.689888 -65.57797 -32.039707 40.2557 -36.91378 -36.000675 -37.116932 -32.85328 -35.24022 -52.433228 -33.046757 -37.18299 -59.041233 -36.495018 -38.369133 -28.867695 -34.43513 -40.270267 -36.750954 -36.75288 -36.62848 -35.943558 
-63.838856 -41.806458 -42.538082 -43.58292 -40.319244 -67.90017 38.061905 -42.20423 40.041386 -65.36622 -36.517597 46.19215 -42.45328 -41.644825 -42.747063 -37.19509 -40.1541 -51.44903 -37.53597 -42.794025 -59.39552 -41.999664 -42.484 -32.796787 -39.829044 -44.57513 -42.106876 -40.83518 -42.27482 -41.95909 
-66.89008 -36.93308 -37.54858 -46.60877 -39.117886 -65.76793 38.56331 -37.61389 40.578312 -69.34527 -35.167133 41.057903 -37.506817 -36.55846 -37.43158 -36.075676 -35.817074 -55.33817 -36.192127 -37.737823 -62.252663 -37.175518 -41.001762 -32.04644 -35.23686 -42.71763 -37.10851 -39.282192 -37.47899 -37.31004 
-62.124615 -42.193996 -43.366264 -41.268784 -42.097866 -69.31356 36.376873 -43.42342 38.153866 -64.68206 -38.678677 48.27198 -43.529423 -41.82081 -43.416515 -39.2142 -41.009445 -49.669495 -39.77384 -43.675755 -57.38237 -42.944466 -44.378094 -35.31494 -41.17962 -46.858467 -43.30461 -42.608025 -43.41379 -43.12234 
-62.237946 -43.111637 -43.174015 -42.408424 -40.803402 -67.29575 36.649433 -44.540443 38.429592 -65.03031 -37.728485 46.817307 -44.040527 -42.901745 -43.738125 -38.372814 -41.737225 -50.314487 -38.81332 -44.373627 -58.23107 -43.63628 -43.320145 -34.146618 -41.258953 -45.2854 -43.578453 -41.43715 -44.250748 -43.581623 
-59.393387 -41.376587 -42.001934 -42.36529 -41.300243 -67.189224 35.852444 -42.028984 38.194214 -62.18643 -38.18147 46.435265 -41.83854 -40.647465 -42.29048 -38.84032 -40.061848 -49.101585 -38.81753 -41.989197 -56.00279 -41.065804 -43.24808 -34.586727 -39.82387 -45.583508 -41.898975 -42.191353 -42.173904 -41.794315 
-67.99681 -35.65769 -36.37679 -47.03699 -40.53523 -68.75819 38.111534 -36.91998 40.499172 -71.30773 -36.428474 41.11093 -37.039803 -35.858364 -36.45443 -37.054794 -34.959465 -55.810635 -37.718063 -37.351757 -64.11613 -36.16501 -42.760147 -33.052895 -34.299934 -45.063015 -36.421722 -40.959137 -37.003395 -36.325554 
-66.21701 -36.211628 -36.266285 -50.00206 -40.297543 -65.654915 37.335663 -37.228397 39.400265 -69.417694 -36.768322 38.992542 -36.566998 -36.007763 -36.679996 -37.223553 -35.067604 -55.248875 -37.883053 -37.10454 -61.87951 -35.95333 -41.999454 -33.076275 -34.41443 -45.212048 -36.63304 -40.381565 -36.458637 -36.15164 
-64.684074 -38.67578 -39.19701 -44.42996 -38.942085 -64.98127 37.085533 -39.948837 39.675297 -68.062164 -35.067272 43.121655 -39.078197 -38.56861 -39.558254 -35.767426 -37.712147 -52.730946 -35.932625 -39.71455 -60.205902 -38.992165 -40.498703 -31.995764 -37.288437 -43.18084 -39.0186 -39.81234 -39.4469 -39.108734 
-59.7149 -43.122967 -43.755886 -42.537136 -41.81079 -67.58574 35.920807 -44.07092 38.55961 -62.702232 -37.893833 47.11844 -43.752174 -42.599907 -43.737263 -38.53855 -41.773903 -48.49822 -39.125862 -43.694958 -56.1838 -43.043198 -44.129265 -34.382076 -41.518997 -46.76108 -43.61399 -42.47981 -44.076527 -43.362415 
-65.855896 -41.556366 -42.44122 -41.975937 -44.145462 -71.16121 33.612484 -42.25475 36.146378 -68.8501 -40.34917 46.364506 -42.573685 -40.990005 -42.701225 -40.804176 -40.016403 -52.644665 -41.84065 -43.075718 -60.629295 -41.727707 -46.391365 -37.754864 -40.052773 -48.841484 -42.442444 -44.83652 -42.832058 -42.400402 
-69.01537 -37.88152 -38.241497 -45.678097 -42.362057 -70.69207 35.37399 -39.239956 37.812294 -71.317406 -38.600777 42.537766 -38.61147 -37.4458 -38.94223 -39.423347 -36.853172 -55.561398 -39.58974 -39.12077 -64.013855 -38.076584 -44.429375 -34.152714 -36.11429 -46.66127 -38.395588 -42.87609 -38.94084 -38.089844 
-63.55452 -39.54382 -40.646244 -44.408993 -40.9472 -68.41325 37.407497 -41.092213 39.24799 -66.92106 -37.441822 44.939686 -40.055954 -39.343365 -40.59167 -37.75683 -38.366325 -51.529152 -38.3258 -41.043762 -58.866055 -39.9188 -43.4787 -33.505775 -37.964516 -44.95504 -39.89509 -41.133385 -40.222164 -40.090027 
-70.454384 -45.13499 -45.201584 -51.456535 -41.195198 -70.29134 47.543 -46.41034 49.78626 -73.46666 -36.629658 49.56768 -45.820564 -44.741863 -45.22806 -37.62406 -43.75127 -57.684116 -38.175472 -45.711243 -66.030365 -44.905994 -43.049267 -33.373688 -43.303413 -46.240692 -45.343243 -41.465755 -45.812153 -44.96941 
kernel0
bias0
-73.29479 -46.019653 -46.596107 -51.39186 -45.377716 -75.95452 44.035168 -47.248234 46.52553 -76.2806 -41.232815 50.774258 -46.599483 -45.668922 -46.75606 -41.991802 -44.638344 -59.813232 -42.413506 -47.0666 -68.393105 -46.03978 -47.811626 -37.12545 -43.939766 -50.5483 -46.365654 -46.01484 -46.69905 -46.14487 
bias0
kernel1
-82.587746 57.221474 59.54364 58.862534 -55.690887 -76.833046 -55.932865 48.602448 -53.587135 -58.111706 -58.36108 -76.4525 60.511658 56.28383 -52.0816 64.95192 -78.388695 -62.97497 -83.97556 73.213875 53.611385 56.490818 -61.87893 57.044933 -53.211056 -69.073845 -53.12949 -69.93635 -63.455246 -78.663765 
-52.087223 33.950897 34.050602 34.262768 -43.563454 -50.499554 -43.597736 31.718122 -41.60347 -45.492622 -44.94317 -51.273155 34.651707 34.48226 -39.946648 34.73887 -50.86397 -48.43381 -52.107666 34.98828 33.304623 33.524807 -45.403023 34.3644 -41.66167 -48.897312 -40.76068 -49.39746 -47.711853 -50.780666 
-52.701588 34.67396 34.34754 34.823025 -44.382874 -51.151398 -43.830585 32.09426 -42.44954 -45.300858 -45.260147 -51.682022 35.38025 34.95436 -40.86038 35.20078 -51.8862 -47.564358 -52.783413 35.862717 33.716045 33.94883 -46.22338 34.822895 -42.49093 -50.180202 -41.921318 -50.481678 -48.426506 -51.555286 
-53.631477 44.41779 40.84321 43.492546 -56.560284 -54.572086 -57.577793 37.637306 -53.37881 -57.22233 -60.77138 -57.063015 44.347134 45.73614 -46.27879 40.79166 -53.619434 -47.000748 -53.61038 37.822655 39.728127 38.297333 -50.939606 44.5324 -55.950153 -53.500988 -52.919132 -54.165928 -57.91011 -53.347565 
-55.553642 34.636215 35.209087 35.735306 -39.187683 -51.71421 -38.769783 30.105452 -39.697666 -42.125004 -39.840984 -53.547287 36.67709 33.820164 -39.550823 38.733524 -53.292812 -54.128635 -56.506798 41.025192 32.684593 33.426693 -47.943783 34.899284 -37.014503 -47.348335 -38.576008 -48.271328 -47.030922 -53.136524 
-85.77923 71.43687 71.025955 72.74228 -57.27911 -85.69182 -56.70327 56.79933 -52.188377 -58.733406 -60.05181 -82.01039 74.977776 68.97541 -50.92797 77.12301 -82.81502 -67.4845 -86.36814 84.22709 63.603127 64.54398 -62.626442 71.7723 -53.23334 -81.56874 -50.812115 -83.098656 -67.26961 -84.59808 
40.877567 -40.65467 -39.981636 -39.891476 45.73499 43.43267 46.61153 -40.51464 41.736767 45.289734 48.983944 42.175735 -39.621468 -40.909668 40.371235 -38.966026 42.086155 31.387615 40.609634 -38.360176 -41.040318 -40.836426 39.737118 -40.822617 44.74397 45.33071 41.411472 45.18136 42.269764 42.254383 
-53.059467 35.62323 35.22908 35.431053 -44.34137 -51.72764 -44.45496 32.418297 -42.790672 -46.399353 -46.592354 -53.213795 35.864803 35.635334 -40.81769 35.662895 -52.62604 -49.062767 -53.64802 36.132713 34.14051 34.650684 -46.56892 34.890846 -42.763985 -50.25565 -42.089806 -50.81767 -48.481045 -52.22219 
45.225704 -41.731026 -41.759953 -41.421143 47.510643 46.99067 48.4907 -41.699722 42.750027 46.971817 50.585003 46.278313 -40.93154 -42.16232 41.50447 -40.49645 45.698555 34.118763 44.870068 -40.207832 -42.293747 -42.013466 42.37906 -42.292553 45.823433 48.673897 42.725506 48.822327 44.718864 46.210922 
-84.07387 59.90805 61.615524 61.590237 -55.583256 -78.71263 -55.45655 50.05218 -53.752293 -58.02985 -57.091457 -78.210335 63.09781 58.94172 -52.760136 67.55588 -80.46033 -66.871445 -85.29368 75.916374 55.337452 57.85925 -62.42432 59.908752 -53.111835 -71.106384 -53.756626 -72.400696 -64.18069 -80.38537 
-47.937847 32.518486 31.982431 32.997757 -40.21612 -45.82911 -39.97668 28.868347 -42.64972 -42.12413 -38.95044 -47.277462 33.52386 32.44982 -39.629753 33.43036 -47.154724 -47.53105 -48.574394 34.10032 29.95907 29.8744 -46.06186 32.63117 -39.867138 -44.311935 -42.125774 -44.627144 -46.816853 -47.018364 
54.072758 -44.238335 -46.8179 -45.03766 43.894188 53.173847 42.5625 -43.81475 45.71501 45.445854 41.277695 50.73099 -44.582455 -43.030014 48.191944 -47.463177 54.117554 44.171505 54.521515 -50.077526 -45.426247 -46.935986 51.838074 -44.22222 41.766567 52.725876 44.001137 52.88224 47.709904 53.861465 
-52.998215 34.991367 34.633564 34.855587 -44.702957 -51.21146 -45.13414 32.740215 -43.566486 -45.6672 -45.948425 -52.190193 35.362 35.05561 -40.811802 35.622456 -51.662254 -46.878258 -52.72239 35.877575 33.805252 34.196575 -46.309517 35.31006 -43.29478 -50.119225 -42.194546 -50.480686 -48.21517 -52.116013 
-51.54871 33.54435 33.451694 33.73356 -42.80111 -50.220806 -43.11234 31.526722 -41.71335 -44.437138 -44.041393 -50.83005 34.19915 33.911087 -39.29347 34.2654 -50.526096 -47.829746 -51.64481 34.187416 32.79497 32.761646 -44.62722 33.760117 -41.7554 -48.970253 -39.94968 -49.285942 -46.358753 -50.62067 
-52.908447 35.075657 34.732563 35.06158 -45.046032 -51.827885 -44.59232 32.10027 -43.185223 -45.879913 -45.2128 -52.251007 35.359753 34.597534 -40.895794 35.245125 -51.864265 -47.281395 -53.106705 35.74089 34.05982 34.109055 -46.04041 35.315918 -43.271378 -50.481327 -42.04107 -50.60511 -47.971943 -51.84541 
-49.107117 32.521652 32.05647 33.652256 -39.87035 -46.929558 -39.57178 28.687038 -41.84898 -42.155773 -38.83067 -48.61807 34.12534 32.635853 -39.989166 34.056335 -48.403057 -48.873905 -50.027157 35.181534 30.04397 30.652964 -45.878582 32.52633 -39.497158 -44.839264 -41.288696 -45.05304 -46.811047 -47.886227 
-50.468792 33.166687 33.347263 33.512352 -41.60669 -49.229687 -42.133038 30.84449 -40.640423 -43.654423 -43.04879 -50.188873 33.518562 33.499195 -39.09128 33.820423 -50.049274 -47.229885 -51.11783 33.909492 32.12575 32.44185 -44.498753 33.353516 -40.165234 -47.411697 -39.571766 -47.804317 -46.2343 -49.434143 
-69.20563 48.04492 50.461052 50.00345 -49.44473 -64.107155 -49.860264 43.606907 -50.432228 -52.913387 -52.826088 -63.209583 50.278656 46.798763 -50.008217 54.435234 -65.6157 -54.43448 -70.11551 62.54923 46.521397 49.16866 -57.45227 48.077026 -48.72681 -57.574783 -50.02829 -57.965626 -56.956203 -65.987 
-48.902584 33.823708 33.134518 34.167385 -40.93414 -47.15616 -41.40545 29.514662 -43.08023 -43.73386 -40.778152 -48.810116 34.858826 34.34388 -41.0089 34.355896 -48.367027 -48.04556 -49.84119 34.91764 31.246988 31.295252 -47.088665 33.524567 -41.518635 -45.72462 -43.738445 -45.812912 -48.448486 -48.144817 
-53.29194 35.179092 34.80657 35.212753 -44.869766 -52.259987 -44.168503 32.76967 -43.414635 -45.853065 -46.0108 -52.91926 35.70057 35.464928 -40.800247 35.884007 -52.290325 -47.75434 -53.690872 35.706856 34.139523 33.755745 -46.347588 35.355816 -43.3831 -50.81071 -42.20267 -51.03355 -48.54307 -52.612602 
-78.29131 53.834373 56.18412 55.67921 -54.1985 -72.703735 -54.27703 46.779095 -52.83234 -56.855137 -57.231934 -72.90574 56.443287 52.851162 -51.42062 60.682186 -74.47271 -59.215107 -80.20158 68.93358 51.400208 53.5701 -60.195457 53.584198 -52.042435 -65.21172 -52.081017 -65.99219 -61.838345 -74.83556 
-52.29633 34.587715 34.33039 34.617393 -43.125412 -50.683067 -42.871933 32.184013 -42.095684 -44.92753 -44.58259 -51.340492 35.21381 34.81293 -40.17623 34.668804 -51.295807 -47.79945 -52.417717 34.952404 33.024227 33.69549 -45.882572 34.489147 -41.832348 -49.639015 -40.89812 -49.81157 -47.602333 -51.06153 
-58.111164 37.63731 37.989742 39.096085 -44.162167 -54.73525 -43.845634 32.865353 -43.800694 -46.59879 -45.037792 -57.189133 40.026623 37.582584 -42.62961 40.806328 -56.453266 -54.972878 -59.008385 42.199577 34.985477 35.15786 -50.69773 37.79093 -41.68402 -50.89009 -42.961216 -51.8031 -52.01625 -55.757126 
-45.855717 28.804077 29.39617 29.64143 -32.844296 -43.02734 -32.57829 25.472475 -35.908123 -35.55647 -31.702078 -44.50691 30.447681 28.33784 -35.660183 31.218435 -44.627018 -45.984074 -46.54088 32.265606 26.385681 26.924335 -42.630863 28.646275 -32.676285 -39.951504 -36.19999 -40.22561 -41.991238 -44.186237 
-49.685253 33.04499 33.37319 32.981445 -40.48949 -48.543236 -41.316986 30.686666 -40.30048 -42.92497 -42.787945 -48.912624 33.379295 33.21127 -38.263893 32.87731 -49.20097 -46.114536 -50.551643 33.46792 31.872484 31.807617 -43.63423 32.498116 -40.14982 -47.04064 -39.050396 -47.529636 -45.374775 -48.67972 
-63.511543 42.31239 41.884968 42.90165 -47.428547 -60.161026 -47.67548 35.18553 -45.41869 -50.262905 -51.069485 -63.393723 43.467667 42.674515 -43.212303 44.135403 -61.668007 -60.323074 -64.381485 45.61371 37.88614 38.017517 -52.19101 41.540733 -45.15424 -55.777912 -44.340054 -56.70533 -55.572567 -60.702427 
-51.971733 35.139343 34.77914 34.658894 -44.045647 -51.41472 -44.329575 32.03801 -42.424595 -45.550133 -45.68491 -51.55675 35.20117 34.89757 -40.698242 34.81967 -51.171524 -47.616104 -52.71911 35.600548 33.42119 33.997116 -46.166077 34.35372 -42.999424 -49.596214 -42.05023 -50.42763 -47.967106 -51.393253 
-55.971996 35.463905 35.99547 36.465595 -40.167988 -52.694233 -39.98373 30.740551 -41.110634 -43.112194 -40.838013 -54.238316 37.698143 34.821705 -40.63423 39.00485 -54.200558 -54.169125 -57.220417 41.155243 33.069046 34.047176 -49.162724 35.572548 -38.76486 -48.19075 -39.94869 -49.112457 -48.464508 -53.203693 
-52.616516 35.12542 34.814503 34.806667 -44.00242 -51.39263 -44.10403 32.836273 -42.573147 -45.832264 -45.63587 -52.01974 35.016144 35.066307 -40.470467 35.242504 -51.967617 -47.67395 -53.19624 35.766098 33.56943 34.37813 -46.398342 35.255146 -42.66453 -50.391663 -41.703873 -50.428288 -48.03771 -52.12292 
-52.008373 34.70667 34.494156 34.879078 -44.107033 -50.93559 -44.07905 32.0759 -42.668297 -45.546246 -45.375854 -51.455822 34.8866 35.041595 -40.818687 34.5501 -51.232815 -47.034084 -52.329506 35.553875 33.617542 33.814754 -45.712273 34.67445 -42.52556 -49.690926 -41.454567 -49.7572 -47.784317 -51.48966 
kernel1
bias1
92.14331 -71.1781 -69.07608 -70.058914 82.15501 91.58636 82.8495 -63.362408 75.729034 83.0879 87.193855 93.64831 -70.82923 -72.21461 70.242256 -69.4622 91.27493 36.35702 92.05916 -68.51646 -66.30526 -65.66011 79.52254 -71.24064 79.08973 89.28987 75.05359 90.40845 87.2296 91.30143 
bias1
kernel2
52.5382 72.88641 66.173546 73.21889 72.58844 -44.030724 -49.527924 -44.571983 -48.19091 75.46212 -48.338634 72.99941 73.0521 73.80338 52.191616 -43.586605 -45.197273 -39.79223 -45.24855 72.48597 73.1793 -45.557343 -45.476635 72.52877 -43.5918 -45.204468 48.624523 -46.936626 52.39961 -45.73942 
-50.154068 -52.716007 -43.827244 -53.252422 -56.681408 21.82433 25.257212 22.62746 24.181961 -55.033916 24.810688 -53.71611 -52.77462 -54.322384 -55.160282 21.610292 23.18087 19.441381 22.660555 -56.857433 -50.79844 22.635551 23.414621 -52.48605 22.215572 22.985191 -39.000412 24.256472 -53.47281 23.516779 
-49.140205 -52.688286 -46.085205 -53.335487 -57.8288 22.571936 25.59894 22.72226 24.814674 -56.16223 25.025805 -54.64554 -53.54874 -54.453445 -52.71023 21.798775 22.97371 19.64601 23.067516 -56.757256 -51.752983 23.032345 23.660498 -53.32279 22.288921 23.104692 -39.294025 23.798744 -50.984844 23.381428 
-50.62121 -53.53574 -44.64691 -54.058002 -58.670795 22.136742 25.737532 22.297796 24.686821 -55.879444 25.001467 -55.334698 -54.183598 -54.935665 -56.484676 21.071056 23.144478 20.21609 23.067175 -58.222534 -51.786274 22.656319 23.594816 -54.040287 22.158941 23.18148 -39.409782 24.437403 -54.88783 23.368404 
48.702187 51.70268 45.504864 51.56937 50.834747 -31.761839 -35.152798 -32.040245 -34.351486 53.977337 -34.017727 52.20883 51.870388 51.91376 48.462963 -31.566435 -32.695724 -27.253061 -32.705498 52.052567 50.537106 -32.471283 -33.027897 51.1568 -32.24676 -32.52233 43.611465 -33.90094 48.432213 -32.904804 
48.983334 69.86038 63.27123 70.58506 69.13282 -42.93304 -48.211586 -43.554253 -45.970947 71.7362 -46.762978 69.99657 69.63087 71.04983 49.065548 -41.807404 -43.923294 -39.185307 -43.97794 69.632065 70.145226 -44.595352 -44.401867 69.590034 -42.438084 -43.926804 45.81041 -45.626125 49.27705 -44.04945 
48.285187 51.67052 45.691967 51.21054 51.793377 -31.940773 -35.141624 -32.04775 -34.022343 54.48962 -34.030235 51.959557 51.748306 51.866673 46.7483 -31.541988 -32.633003 -27.368704 -32.581688 51.465206 51.001568 -32.80877 -32.67643 51.32018 -31.64188 -32.325497 43.59649 -33.693058 46.61265 -33.06218 
-37.50045 -45.642754 -40.074627 -45.883873 -47.258133 20.949642 24.08351 21.090801 22.957441 -47.29048 23.306719 -45.641533 -45.317436 -46.357815 -37.909874 20.665573 21.687565 19.00153 21.954248 -46.86659 -44.808586 21.644379 22.197376 -45.639988 20.696804 21.73872 -32.352333 22.487566 -37.885994 22.02792 
53.002262 49.833942 41.978962 49.977356 49.632114 -30.479368 -34.45631 -31.173878 -33.43964 51.484447 -33.71983 50.12361 50.408356 50.655018 56.32727 -30.595245 -31.504076 -26.6682 -31.530405 49.498642 48.396984 -31.084965 -32.257206 49.302414 -31.123796 -32.166805 44.33117 -33.148674 55.543053 -32.002735 
51.2709 54.663708 47.819878 54.225174 55.862915 -33.128315 -36.158722 -33.3241 -35.071625 57.770035 -35.551437 54.972694 55.57034 54.957905 51.269135 -32.28498 -33.673214 -28.024141 -33.849327 55.20766 53.498447 -33.36948 -33.923573 54.394634 -32.734962 -33.8526 45.40966 -35.016937 51.405556 -33.56437 
44.661724 54.484127 49.552406 54.015667 54.292576 -33.06469 -36.72187 -33.09583 -34.91499 58.41176 -35.64933 55.21947 55.13654 54.47947 40.256084 -32.613937 -33.514877 -28.55268 -33.579464 54.273285 53.985306 -33.90556 -34.06263 54.059643 -32.588596 -33.8616 43.426483 -35.006813 40.911095 -33.683323 
55.099144 69.93659 62.44911 70.26845 71.48748 -41.461216 -46.735756 -42.44727 -45.284412 73.03301 -45.3149 70.37779 70.25505 71.08763 56.272675 -40.533054 -42.53407 -37.20985 -42.55815 71.723656 69.13626 -42.538082 -42.726524 69.35994 -41.167423 -42.902885 48.711773 -44.10209 56.044067 -43.304344 
-53.14758 -55.107765 -45.070244 -55.81536 -60.086422 22.328014 25.939587 22.539717 24.602495 -57.21291 25.043646 -56.902035 -55.862648 -56.724625 -59.390976 21.61577 23.53571 19.847328 23.057535 -59.78796 -52.839046 23.079636 23.396502 -55.25714 22.340115 23.024847 -40.389442 24.612522 -57.467983 23.898184 
-49.68353 -51.4277 -43.01147 -52.072124 -56.087994 21.900997 25.319254 22.725954 24.267092 -54.310844 24.69329 -53.24071 -52.08751 -52.867485 -54.37134 21.491581 22.71713 19.383556 22.882076 -55.9588 -50.11414 22.92106 23.105042 -51.64333 21.53051 22.619652 -38.49193 23.995283 -52.9142 23.163483 
47.874386 47.81322 41.162228 47.610794 46.941788 -30.502747 -33.40911 -30.267193 -32.763 50.81693 -32.607174 47.487774 48.797092 48.24243 49.86134 -29.864845 -31.239069 -26.130548 -31.008354 45.72692 47.812008 -30.795948 -31.3051 47.41014 -30.08166 -31.180712 43.85255 -32.123856 49.756756 -31.400032 
-53.7589 -57.166042 -47.64861 -57.765987 -61.68917 22.878485 26.888613 23.171984 25.693539 -59.290806 25.339853 -58.75654 -56.919434 -58.92419 -58.97823 21.92152 23.522467 19.952621 22.98347 -62.165485 -54.805542 23.370523 24.00211 -56.94151 22.615532 23.621464 -41.33753 25.274956 -57.133068 24.45819 
52.14852 70.424576 63.632683 70.426254 70.46375 -42.58574 -48.164566 -43.36398 -46.10678 73.0167 -46.52547 70.68728 70.47082 71.29974 51.86666 -42.1464 -44.229248 -38.851925 -43.649426 70.58475 70.615166 -44.05807 -44.387447 70.327866 -42.50027 -44.04209 47.50813 -45.43943 51.875866 -44.060223 
65.29788 59.587795 62.048874 59.97707 65.579094 -36.662983 -40.701717 -37.194206 -38.977264 60.012207 -39.340336 61.468517 59.56027 60.213657 67.08839 -35.87545 -37.56331 -33.753784 -37.217175 65.95461 56.828075 -37.554077 -37.632816 59.80177 -36.072037 -37.323994 54.68055 -38.78566 66.51261 -37.588562 
53.94501 73.68695 66.77032 74.33441 73.12358 -44.242256 -50.349392 -45.05361 -48.055866 76.62714 -48.39505 73.57052 74.1806 75.07054 53.56123 -42.99063 -45.39325 -40.21549 -45.04457 73.57891 74.24583 -45.678856 -45.83654 73.19149 -43.579426 -45.458347 49.28195 -47.10261 53.352848 -45.905632 
-55.747776 -60.131744 -51.484634 -60.58038 -64.73978 23.474546 27.470213 23.68294 26.321058 -63.188847 26.368578 -61.76887 -60.317688 -62.162865 -60.116066 22.835487 24.237597 20.490078 24.449003 -65.303856 -58.69871 24.39164 24.721603 -60.002018 23.33721 24.401382 -43.316883 25.516712 -58.76051 24.463076 
-42.286785 -48.477013 -42.835293 -48.88636 -51.282578 21.986778 24.969059 21.929358 23.968151 -51.03828 24.13788 -49.90356 -48.92366 -49.85015 -43.814835 21.020855 22.30672 19.424469 22.252724 -51.280388 -47.832752 22.02334 23.149036 -48.89247 21.168972 22.826708 -35.505356 23.15331 -42.769157 22.273216 
-42.483627 -49.820156 -44.293186 -50.447582 -52.040062 21.933142 25.256615 22.250374 23.843124 -51.97244 24.083765 -50.67005 -50.09146 -51.197746 -44.077602 21.711344 22.437185 19.295918 22.16319 -52.507732 -49.440006 22.746555 23.263638 -50.35513 22.03261 22.282734 -35.417694 23.931288 -43.2338 22.505398 
57.024754 58.446854 49.677372 59.474907 60.342754 -34.162796 -37.189125 -34.559834 -36.769943 61.0522 -37.324364 59.59561 59.476902 60.35004 61.34908 -32.799034 -35.177425 -29.866858 -35.016563 60.63928 57.88848 -34.626644 -35.788578 58.99002 -33.85566 -35.494698 46.928463 -36.242455 59.878338 -35.414425 
-50.108315 -52.951187 -43.740368 -53.15672 -57.028625 22.517506 25.91436 22.399336 24.29854 -54.966087 24.904705 -54.067375 -52.964233 -54.1544 -54.561184 21.408678 23.200684 19.850819 22.73262 -56.77796 -50.72005 22.606642 23.206577 -52.651875 21.886398 23.289883 -39.398712 23.875505 -53.237118 23.661327 
49.449814 48.40808 42.453102 48.434906 47.743416 -30.782484 -34.61993 -30.990707 -33.12718 51.245674 -33.352116 48.969097 49.100872 49.10436 49.792774 -30.369364 -31.084257 -25.959518 -31.511366 48.117756 47.971966 -31.716925 -31.8961 48.23029 -31.116951 -31.432957 43.93534 -32.844913 49.420456 -32.11052 
46.08175 65.21801 58.79837 65.98577 65.401054 -40.53034 -44.888145 -40.587193 -43.462048 66.52327 -43.752953 65.58371 65.27659 66.643166 43.294514 -39.30164 -41.20108 -35.718304 -41.448204 65.82042 65.70112 -41.373615 -41.856255 65.246994 -39.831394 -41.577408 41.80855 -42.772655 44.121708 -41.581306 
51.901394 48.853767 39.931362 49.126274 48.498253 -30.527372 -34.587776 -30.985966 -33.46883 50.350105 -33.820023 48.434734 49.668587 49.72666 55.378895 -29.372799 -31.859848 -26.433342 -31.446468 48.30685 48.35929 -31.03732 -32.009903 48.379272 -30.748837 -31.88676 43.8447 -32.868103 54.335472 -32.088337 
46.77072 66.44323 60.82139 66.58181 66.38144 -40.884407 -46.564476 -41.56185 -44.56626 67.48821 -44.535946 66.34375 65.89998 67.42198 42.42111 -40.17214 -42.004436 -36.759342 -41.99474 66.85327 66.11161 -42.504036 -42.419243 66.10266 -40.392063 -42.398853 42.690594 -43.538025 43.424473 -42.60329 
59.203835 61.40849 51.585884 61.742916 63.940094 -35.478264 -38.970345 -35.946808 -38.355785 63.15565 -38.404568 62.15816 62.0526 62.922176 63.779686 -34.26252 -36.791355 -30.85917 -36.34042 63.96506 59.99396 -36.25775 -36.919468 61.386986 -35.15679 -36.980495 47.43713 -37.519382 62.177776 -36.711315 
50.230114 70.47299 63.802032 70.93317 69.52539 -43.010925 -48.349865 -43.4591 -46.89564 72.60959 -46.864468 70.520424 70.715294 71.98404 50.941486 -42.524353 -44.2334 -39.2812 -44.052948 70.21742 70.523056 -44.40168 -44.775326 70.17276 -42.452194 -44.328598 46.673965 -45.57479 50.71433 -44.42397 
kernel2
bias2
20.75206 57.387764 53.186954 55.804024 48.914513 -28.245428 -41.517918 -29.6373 -37.61057 51.114807 -37.846592 53.978394 56.447243 52.447853 22.890676 -26.309078 -30.68862 -25.892128 -30.16427 49.59154 61.72934 -30.20296 -32.047165 57.10541 -28.193535 -31.631718 27.396141 -34.85175 21.696909 -33.343422 
bias2
kernel3
53.266346 -39.5071 52.028355 53.51147 -43.833767 -42.524136 -42.394787 49.08461 -41.942364 51.46141 51.602882 -42.209476 40.287598 -42.51764 -42.08583 54.63411 46.281433 -40.854317 -43.522152 -43.985218 -42.818977 -34.350838 59.7425 48.408863 47.49025 51.537285 49.966354 63.35003 57.01292 54.776722 
67.1995 -55.39667 65.22914 70.11098 -58.621025 -57.754837 -57.407684 63.95217 -57.21057 66.42293 65.7766 -61.40112 42.980263 -59.168983 -57.52328 67.39551 62.816883 -56.075916 -58.641563 -58.62596 -57.87168 -55.463806 72.71371 63.972054 63.57021 65.709724 69.1094 68.51112 54.382633 67.59779 
54.847435 -52.88651 51.647213 57.89021 -52.250107 -53.42157 -53.758724 49.800217 -54.018433 51.871094 52.17917 -53.738026 41.62165 -55.02697 -55.33933 54.642323 51.436153 -53.555267 -55.241974 -51.951847 -54.31161 -55.456764 58.156044 50.60482 49.80468 52.151543 59.253845 62.496834 52.218994 57.35845 
67.7239 -54.342453 66.1117 69.88869 -58.03937 -57.103123 -56.622486 64.19557 -56.625927 66.63363 65.89088 -60.747215 42.952393 -58.23237 -56.66749 67.88549 62.804604 -55.044685 -58.50197 -57.961285 -56.924683 -54.405655 73.32797 64.67992 64.05735 65.660446 69.84444 68.226906 55.176067 67.397224 
64.47996 -51.72058 63.291676 64.91705 -55.63166 -53.54986 -53.485172 60.47014 -52.87775 63.680687 63.06763 -54.973953 43.6363 -54.630745 -53.430317 66.22953 57.132248 -51.966774 -54.979755 -55.78831 -54.178658 -52.525124 70.93741 60.833054 59.540966 62.425705 61.560776 69.288994 59.465755 65.441696 
-35.66753 29.89172 -34.12998 -38.020092 28.681986 31.650599 31.393343 -33.19655 31.537899 -34.699764 -34.67621 30.262531 -36.545235 31.858953 32.047596 -35.561226 -32.7812 31.080652 32.34662 28.894863 31.678452 26.569166 -30.902422 -33.174976 -32.68461 -34.23739 -38.45862 -33.3755 -45.62559 -36.756077 
-38.200123 36.723667 -36.37854 -41.399475 34.887276 36.990067 37.157173 -35.348877 37.05794 -36.95503 -36.318993 37.32231 -34.990917 38.267677 38.849457 -37.741074 -36.22638 37.480328 38.716553 34.595776 37.964108 32.516518 -36.414333 -35.869884 -35.104607 -36.24201 -44.091785 -43.151295 -42.240143 -40.349945 
-36.088573 30.191706 -34.426075 -38.41668 29.094332 31.578966 31.546404 -33.48691 31.490614 -34.630344 -34.4578 30.926266 -36.99737 31.585657 32.640472 -35.901936 -33.45051 31.577991 32.753376 28.575752 32.09047 26.558666 -30.993248 -33.42591 -32.930702 -34.458668 -38.881298 -33.87046 -45.43814 -37.83122 
-37.47592 34.826206 -35.34118 -39.973434 32.955173 35.63992 35.448204 -34.468136 35.792233 -36.02701 -35.869183 35.316345 -35.341354 36.48447 36.95455 -37.1226 -34.201935 35.533577 37.159664 32.74185 36.327354 30.895424 -35.51691 -35.154335 -34.507774 -35.815468 -42.19908 -41.333466 -43.259647 -39.34611 
64.54179 -57.274582 61.797806 67.84172 -58.49516 -58.15573 -58.483147 60.395065 -58.37258 63.057404 62.34847 -60.408752 41.69066 -60.35175 -59.4872 64.23787 60.371773 -58.081608 -59.95069 -58.104412 -58.987324 -59.279392 68.49901 60.81445 60.34008 62.0846 68.414215 66.843124 52.587337 65.90203 
-37.18426 34.588383 -35.876434 -39.831444 33.56109 35.899075 35.533035 -34.348274 36.04083 -36.598446 -35.718864 35.809933 -35.579006 36.648327 37.036175 -37.124573 -34.513542 35.620964 37.600147 33.47937 36.567284 31.098867 -35.905426 -35.029358 -34.46577 -35.855175 -42.56828 -41.563362 -43.006767 -39.76326 
66.1474 -54.000797 64.247475 67.85378 -57.402237 -56.050285 -55.642487 62.371094 -55.90133 64.64413 64.380165 -58.90176 43.03374 -57.45154 -56.336994 66.60821 60.32575 -54.541897 -57.09131 -57.53686 -56.587204 -54.36839 72.85634 62.250343 61.781315 64.45295 65.50316 68.921394 56.86545 66.715675 
65.90289 -56.441772 63.774757 68.57735 -58.6836 -58.189938 -57.783154 62.52877 -58.00138 65.15689 63.92561 -60.9825 42.016262 -59.77216 -58.325485 66.3913 61.55494 -56.768887 -59.831127 -58.638042 -58.455936 -57.049732 71.45078 62.968773 62.15891 63.683693 70.090195 68.316086 53.618294 67.10114 
66.866516 -54.469116 64.928665 69.22205 -57.055737 -56.138405 -56.013325 63.272564 -56.089523 65.72352 65.32922 -59.328953 43.8577 -57.37889 -55.9803 67.12477 61.738644 -54.824173 -57.539787 -57.208626 -56.501915 -54.645115 72.1515 63.683426 62.874374 64.889275 68.39061 67.79855 56.707943 66.64662 
56.070232 -32.37436 55.967865 53.438946 -35.969707 -35.702717 -35.468147 52.596714 -35.49354 55.263203 55.02927 -39.17191 44.754192 -36.02128 -33.935097 58.26486 46.773075 -33.541485 -35.827312 -36.28802 -36.537807 -20.539427 63.391933 52.326042 50.749405 54.513138 45.37476 60.64303 62.702026 56.09247 
-35.434437 29.121721 -34.193993 -37.02128 28.280762 30.784485 30.827707 -32.61796 31.036568 -33.78577 -34.34147 29.908743 -36.322536 30.714806 32.000168 -35.254166 -32.45188 30.673552 32.105198 28.286377 31.4026 25.762743 -29.042257 -32.912174 -32.356064 -33.70211 -37.279167 -31.310019 -45.419456 -36.157528 
-36.1204 31.011793 -34.7181 -38.36888 29.48562 32.205357 32.325108 -33.76832 32.097324 -35.115795 -34.72207 31.139898 -36.654343 32.855114 33.151115 -36.22724 -33.49476 32.186634 33.50175 29.7716 32.37542 26.70844 -32.3673 -33.77665 -33.096252 -34.583496 -39.265545 -35.80929 -45.322758 -37.6968 
-33.107525 27.271492 -31.891905 -34.71977 25.84412 29.499258 29.176847 -31.032434 28.332424 -33.18228 -31.81499 27.982986 -36.753765 28.553732 29.16121 -32.99887 -30.81746 28.6136 30.15517 25.355204 29.47837 23.274801 -23.050697 -31.225155 -31.055517 -31.972208 -33.57675 -23.63427 -44.754242 -33.23205 
-36.05137 30.724007 -34.478058 -38.48295 29.085234 31.902447 31.64857 -33.83676 31.763556 -35.322414 -34.99695 30.921227 -36.63259 32.298992 32.98232 -36.059982 -33.14292 31.820118 33.389977 29.213083 32.439476 26.885567 -32.142223 -33.952553 -32.943024 -34.947376 -39.59096 -34.9978 -45.73764 -37.879948 
65.07752 -52.265255 63.045193 65.789444 -56.13867 -54.43232 -54.51706 60.50485 -54.021175 63.228493 62.99909 -57.066097 42.759632 -55.385605 -54.101173 65.571014 57.84364 -52.8045 -55.68026 -56.089027 -55.15434 -53.385983 72.05926 60.495926 59.427246 62.447647 62.786972 69.166725 58.94744 65.41252 
69.24942 -60.038246 65.81373 73.74082 -61.089012 -60.923515 -60.36331 65.51564 -61.255096 67.87155 67.15488 -65.93123 41.68995 -63.812508 -62.350582 67.74819 71.55824 -61.01087 -62.46951 -60.850563 -62.15476 -59.376427 70.97366 66.672844 67.02427 67.207695 81.0324 66.31149 47.641804 69.69624 
-36.588924 30.505762 -34.383633 -39.150642 29.288818 31.810175 31.72835 -33.598213 32.00006 -35.27779 -34.891857 30.616802 -37.24048 32.326992 33.25834 -36.4869 -34.622856 32.169792 33.56598 29.65421 33.119034 26.806236 -30.871838 -34.289356 -33.600945 -34.762196 -39.49857 -34.126987 -45.30868 -38.042305 
-36.259155 31.285286 -34.760548 -38.826164 30.339598 33.215656 32.762497 -33.709682 32.658825 -35.682323 -34.7761 32.828438 -36.726067 33.628986 33.79237 -36.280773 -33.527393 32.559948 34.177063 29.984495 33.28901 28.122276 -33.156357 -33.516205 -33.689186 -34.51741 -40.128574 -36.656105 -44.753254 -37.86078 
67.600655 -54.26338 65.85465 69.56705 -58.581425 -56.55257 -56.378983 63.649845 -56.21445 66.74975 66.03347 -60.962852 43.14811 -58.630444 -56.57191 67.690796 61.858368 -55.121956 -57.78189 -58.63641 -56.95083 -54.589863 73.50177 64.52544 64.03537 65.472496 67.97817 68.753784 55.037815 67.681244 
-35.26402 29.711227 -33.884514 -37.40235 28.848463 31.581453 31.062386 -32.78364 31.021955 -34.401443 -34.236816 30.207138 -36.390156 31.305433 32.110218 -35.31348 -32.083675 30.44995 32.098648 28.752264 31.79003 26.168161 -30.830206 -32.967747 -32.436794 -33.850597 -38.018047 -33.411407 -45.513096 -37.08244 
-36.093433 31.097406 -34.90855 -38.232143 29.32726 32.59388 32.502983 -33.60329 32.610374 -35.419117 -34.498646 31.694836 -37.113396 32.550774 33.170284 -36.098705 -33.166656 31.767874 33.797993 29.498848 32.50275 27.179632 -33.001953 -33.458023 -33.388466 -34.89403 -40.27361 -35.57717 -45.835922 -37.46962 
47.278107 -36.83212 47.264122 45.690292 -39.583538 -39.14962 -38.58215 42.147175 -38.59777 44.79412 44.682434 -38.135494 38.430252 -38.884865 -38.66654 51.059658 40.716984 -37.37116 -39.983067 -39.381546 -38.77405 -33.199284 55.87219 41.248608 40.6811 44.518703 42.917645 62.14059 55.18531 49.084404 
-36.918476 33.32772 -35.37517 -39.68982 31.741558 34.30668 34.086353 -34.48735 34.207104 -35.665085 -35.546753 33.932022 -35.648655 35.46 35.274277 -36.680923 -34.54158 34.149784 36.082634 31.782585 35.006954 29.66336 -34.952065 -34.439796 -33.987865 -35.135616 -41.42525 -39.64185 -43.898277 -39.1284 
54.96254 -34.721355 54.40141 53.3816 -36.614574 -37.3412 -37.35088 51.494297 -36.92445 54.35752 53.71059 -39.562847 44.606884 -37.45375 -35.55374 56.81621 46.53039 -35.538193 -37.628128 -36.89941 -38.029087 -23.947386 62.246243 51.1196 50.27229 53.46276 47.199795 61.76412 61.487347 55.96935 
-36.331703 32.08164 -34.971138 -38.91406 30.944368 33.726303 33.449368 -33.72938 33.482376 -35.350708 -34.825466 33.077 -35.538517 34.351578 34.648033 -36.434925 -33.55237 33.19431 34.940224 30.92388 33.661743 28.088028 -33.282864 -33.899124 -33.51055 -34.65639 -40.173992 -37.19604 -44.130177 -38.065678 
kernel3
bias3
21.711622 -5.5769806 19.403328 16.955109 -0.7672529 -2.291682 -2.349228 14.016371 -0.9682702 16.816732 17.07529 6.5418773 52.31568 2.9881086 1.1305649 25.14728 3.1060283 0.37248763 -2.2847936 -1.0247363 -0.98680425 -13.063429 34.232025 13.492124 9.185221 16.804491 8.335238 33.0187 64.67027 23.5723 
bias3
kernel4
52.190323 58.414295 49.882088 -66.39032 -66.05601 42.07809 -61.53166 -64.24315 39.88006 -66.298096 -66.177414 -65.97191 -67.41211 -63.801636 -64.49316 31.94746 62.992374 32.796165 -51.85642 -67.581276 -66.52443 57.250614 57.05035 -56.035336 -58.337315 60.749424 -59.29079 -64.64422 37.880173 34.527557 
-46.84163 -52.09601 -44.2077 61.730743 61.51753 -40.477253 58.211754 59.537277 -38.121464 61.792534 61.92732 61.159367 62.95477 59.3799 60.517406 -28.392923 -55.926517 -29.716507 47.011944 62.90446 61.832153 -50.611134 -50.61123 52.94259 55.681828 -53.68486 52.76376 59.388588 -34.688484 -31.952595 
51.221706 57.18067 48.361076 -64.68237 -64.47711 43.7969 -60.60835 -62.588844 41.17001 -64.95685 -65.24217 -64.332245 -66.487175 -62.452103 -63.333664 32.24673 61.55042 33.71869 -50.414104 -66.17156 -65.30069 58.617924 57.7351 -54.91111 -58.80769 61.519794 -57.405346 -63.317856 36.628857 35.254025 
53.658264 59.27847 50.37354 -66.69574 -66.44432 40.84691 -62.142662 -64.7378 37.8734 -67.117424 -66.85703 -66.461395 -68.080086 -63.888573 -65.64834 32.567356 64.2312 32.011204 -52.872784 -68.45167 -67.85224 57.119583 55.96842 -56.212692 -56.76654 59.16519 -60.199455 -66.55692 39.551685 33.224796 
-46.475307 -52.115665 -42.87799 64.02298 64.0729 -37.99238 60.37938 62.265133 -35.656506 64.22452 64.53476 63.788242 65.2318 61.910652 62.829296 -25.055626 -56.046772 -26.985825 50.24714 65.24705 64.710724 -50.467087 -50.193417 54.980175 57.393406 -53.18859 56.70966 62.293224 -31.87604 -29.279785 
-47.849247 -53.576984 -45.14416 62.013985 62.26103 -40.54896 59.036636 59.95766 -38.66872 61.989746 62.273163 61.776966 63.34204 59.643707 60.84396 -29.893156 -57.552605 -30.462217 48.12957 62.97073 62.852806 -52.989216 -52.79612 53.54 55.960728 -55.901352 54.544037 60.365158 -35.43949 -32.03547 
-48.04575 -53.524597 -45.38892 62.12264 61.966602 -40.791782 59.268414 60.193474 -38.095818 62.668835 62.32798 61.79054 63.472397 59.96751 61.065693 -29.5141 -57.546204 -30.379776 48.315037 63.959846 62.94065 -52.71493 -52.410187 53.862267 56.183784 -56.02691 54.12909 60.26844 -35.58971 -32.215343 
49.92125 55.829212 47.586643 -63.21576 -63.278015 43.147087 -59.030437 -61.37893 40.61755 -63.35235 -63.533966 -63.05559 -64.2852 -60.9617 -61.920654 31.725342 59.962215 32.97023 -48.85154 -64.872246 -63.63822 56.74326 56.481014 -53.796032 -56.74429 59.89179 -55.24785 -61.407337 37.231995 34.69944 
-47.636856 -53.706295 -45.6506 62.8345 62.464046 -40.950157 59.073727 61.14879 -38.017876 62.559174 63.083786 62.377567 63.68537 60.337013 61.307476 -29.688362 -57.67401 -30.039051 48.65393 63.882404 63.443768 -52.58275 -52.38692 54.172688 56.430923 -55.78508 54.40131 60.933662 -35.505333 -31.959328 
51.122078 56.838875 48.36399 -64.64813 -64.1629 42.92368 -60.34257 -62.61589 40.50526 -64.468376 -64.60873 -63.91818 -65.8349 -61.972645 -62.969994 31.991476 61.271984 32.98645 -50.455467 -65.927284 -65.03406 57.612255 56.896225 -54.361477 -57.777103 60.383804 -56.947166 -63.404842 37.296963 34.823467 
51.16275 57.542976 48.78822 -64.673836 -64.79775 43.069275 -60.2231 -62.64341 40.66373 -64.70146 -64.80794 -64.553635 -66.21191 -62.273567 -63.14152 32.122982 61.166836 32.92048 -49.86478 -66.4049 -65.250465 57.106003 56.75345 -54.959007 -57.20357 60.272743 -57.17933 -63.16439 37.054924 34.61855 
-49.293205 -55.007515 -47.107635 63.6363 63.360012 -42.487026 59.519035 61.70854 -40.256817 63.344643 63.910393 63.398052 65.133415 61.22352 62.717377 -30.674671 -58.941036 -32.10671 47.306793 64.96141 63.94042 -55.095356 -54.856888 53.82577 56.76727 -57.975887 53.72992 61.700573 -36.094982 -33.865547 
34.877285 39.59468 32.777367 -53.47325 -52.967064 35.721027 -53.893 -52.329002 34.35681 -53.282 -52.973995 -53.12675 -55.122604 -51.89363 -51.935356 21.96509 43.348457 25.866571 -44.51649 -54.961033 -53.806812 43.47761 42.27495 -49.21203 -44.635826 45.13455 -47.88154 -51.760418 26.828983 27.95873 
-49.45291 -55.024582 -46.361153 63.918324 63.907932 -40.661217 60.61534 61.919415 -38.57831 63.725853 64.192406 63.42447 64.94147 61.640495 62.7488 -29.43151 -58.896843 -30.45712 49.12122 64.967705 64.58352 -53.37021 -52.868496 55.292564 56.755657 -56.60022 55.428726 62.109673 -36.043972 -32.159477 
-48.123203 -53.96564 -45.84065 62.59123 62.26616 -39.758526 60.22336 60.697132 -36.948494 62.326622 62.5454 62.020664 63.75549 60.053448 61.441425 -29.39225 -58.097977 -29.397184 49.37299 64.05519 62.99103 -51.949287 -51.529118 54.986813 55.69119 -54.8295 55.30736 61.130875 -35.215435 -31.49152 
51.974136 58.25413 49.391323 -66.36294 -66.30817 43.545914 -62.043015 -64.19451 40.847626 -66.42776 -66.36048 -65.64207 -67.82446 -63.69798 -64.80029 32.185997 63.627117 33.626713 -51.94642 -67.68858 -66.60546 58.977215 58.6108 -56.427917 -59.899464 62.205692 -58.89198 -64.94859 37.021576 35.616993 
49.680042 54.71856 46.765694 -62.823334 -62.328983 39.52205 -58.184044 -60.48226 36.029526 -63.0048 -62.685394 -61.899162 -63.414837 -59.72692 -61.32033 29.996426 58.14646 29.397213 -47.931213 -64.09044 -63.222626 52.147724 50.595108 -52.42942 -51.648037 53.45952 -55.33126 -61.904964 37.791916 30.86196 
-47.43635 -53.211823 -44.854713 62.21028 62.38381 -39.464413 59.357197 60.646538 -37.129974 62.325634 62.636993 61.94739 63.368397 59.856724 61.17992 -28.646116 -56.537994 -29.641602 48.563923 63.51763 63.004288 -51.048717 -51.06565 54.158176 55.667034 -53.880657 54.204113 60.594074 -35.301296 -31.34555 
-49.308582 -55.199253 -46.27668 62.616203 62.800945 -39.943108 60.18838 60.965805 -37.665726 62.691383 62.971405 62.32841 63.852356 60.014706 61.403122 -29.72175 -59.153954 -29.956846 49.550316 63.812687 62.908672 -53.164223 -53.21992 54.888508 56.303616 -56.39412 56.14467 60.61853 -36.019886 -31.848734 
-46.132607 -52.412544 -43.024822 64.622475 64.235344 -38.126514 60.063442 62.22364 -35.618233 64.02216 64.28109 64.13518 65.789795 61.47404 62.89376 -25.096952 -55.674217 -27.024065 49.991337 65.5058 64.57552 -50.84113 -50.40074 54.989643 57.600792 -53.44427 56.70072 62.480972 -31.33206 -29.389496 
-48.1851 -54.6113 -45.962524 62.407738 62.771843 -40.29438 59.46812 60.983818 -38.12574 62.867996 62.909924 62.65908 64.25205 60.05801 61.052307 -30.008028 -58.33575 -29.881468 48.9272 63.78613 63.017914 -52.886093 -52.494293 54.620804 55.895203 -55.96323 54.836628 61.0662 -36.013485 -32.221996 
-41.52421 -46.033054 -38.97731 59.35537 59.311253 -37.130806 57.192673 57.696262 -34.657856 59.441166 59.809456 59.554543 59.770874 56.847065 57.91778 -24.340378 -47.930885 -26.593676 48.37367 60.758835 59.998272 -44.014584 -43.58056 52.66075 56.93481 -45.96954 54.028843 57.351967 -31.141474 -28.804317 
59.546265 64.430214 56.706978 -61.71893 -61.199574 46.505653 -68.86879 -60.024914 44.661953 -61.46924 -60.937046 -60.29127 -62.940514 -59.013203 -59.687943 37.021084 68.71159 40.84838 -58.83982 -62.83859 -61.716446 65.0551 64.00799 -61.03043 -58.46369 66.478226 -62.88887 -60.69797 42.00402 41.238728 
50.470108 55.507412 47.972076 -63.23394 -63.324104 42.881588 -59.58073 -61.595833 40.218063 -63.619038 -63.662216 -63.1499 -64.95113 -60.841274 -61.88117 30.828857 59.75234 32.20274 -48.998844 -65.18445 -63.874382 55.924522 55.916462 -53.584213 -55.985653 58.924004 -55.33143 -61.91119 36.71252 34.62825 
49.862595 55.118977 47.699463 -62.530785 -62.793213 42.550533 -59.129982 -61.19718 40.279545 -62.70289 -63.050457 -62.50041 -64.43057 -60.32905 -61.24993 30.799578 59.032715 31.883392 -48.466022 -64.130226 -63.486362 55.496716 54.88417 -52.999928 -55.195232 57.947136 -54.52755 -60.956245 37.016857 33.795887 
50.78609 57.11059 48.43448 -64.734276 -64.3872 42.85937 -60.212997 -62.74909 40.155975 -64.30196 -64.69453 -64.154274 -66.197464 -61.803146 -63.250732 31.913027 60.90741 32.710064 -50.033154 -66.41357 -65.16692 57.465122 56.760597 -54.430893 -57.279606 60.12212 -57.14024 -63.197796 37.472683 34.67815 
54.105793 59.0129 51.79321 -66.09311 -66.430565 40.04869 -63.045578 -64.445946 37.79596 -66.129295 -66.46899 -66.04579 -68.519516 -64.28127 -65.4297 32.17312 63.389126 31.174583 -53.476242 -68.40098 -67.16683 55.31267 54.7337 -56.206963 -54.67596 57.872147 -60.860268 -64.87849 38.677094 32.88798 
57.720417 63.424232 55.772785 -62.512733 -61.829636 45.962208 -69.08869 -60.799393 44.145115 -62.089622 -61.66172 -61.083626 -63.43144 -60.116924 -60.345215 38.14883 67.71731 40.970325 -58.55276 -62.84182 -62.159992 63.63168 62.72333 -63.063786 -58.504303 65.79181 -64.02503 -62.16008 42.208084 41.660152 
44.22808 47.38477 43.09746 -60.533947 -60.215767 42.666626 -61.998993 -59.96683 40.561554 -60.042583 -59.87603 -60.448494 -63.113438 -59.6695 -59.041912 31.066927 50.47406 36.087654 -51.56844 -61.47407 -60.535603 53.397636 53.464897 -56.643475 -50.343422 56.141335 -55.738487 -59.090637 33.01995 37.52382 
52.571922 58.128212 50.16899 -67.32418 -67.11598 41.55981 -63.223854 -65.096725 39.076385 -67.06984 -67.122574 -66.48758 -68.5449 -64.34118 -65.498604 32.306892 63.006527 33.266563 -53.897118 -68.46092 -67.81715 57.361713 57.04239 -57.435173 -59.661263 60.5061 -60.49977 -66.01238 37.92026 34.48842 
kernel4
bias4
-4.5379114 -7.073363 -5.92589 -2.2125146 -2.6192086 -19.873575 -2.2314365 -1.8424902 -18.164877 -2.761301 -3.6542745 -2.208233 -2.4717197 -2.1942449 -3.3962672 -12.944863 -8.733963 -19.812721 -26.350973 -4.4621754 -3.2052045 -13.75722 -14.944997 2.2961383 18.460085 -12.654597 -26.42652 -2.327201 -11.426561 -20.76104 
bias4
kernel5
56.838512 -37.903522 25.1943 -39.14224 -40.726593 67.59492 -44.01637 5.065516 -42.61763 -39.73969 58.46981 -16.661713 -38.6208 52.924984 -39.816364 -45.09023 -46.571552 -50.782936 -35.744617 58.541004 -35.655712 24.25197 78.13187 45.647926 55.167107 59.292114 75.14131 -42.739876 -39.30562 -46.82601 
61.35344 -44.86474 28.823929 -48.493904 -49.724377 71.28123 -50.229824 8.81146 -49.385704 -48.291603 63.333782 -13.139816 -46.281887 57.640972 -48.618393 -51.56076 -52.363297 -55.50966 -46.02908 62.568607 -46.21934 28.002317 83.33528 47.57915 59.24626 59.40452 79.94551 -40.6473 -47.708485 -52.79819 
54.895126 -35.041977 24.025318 -34.600883 -36.51562 65.46673 -41.362564 3.6189344 -39.332672 -36.21041 56.01605 -17.623922 -35.882515 51.073586 -35.914146 -42.78154 -44.06505 -48.982567 -30.727978 57.011353 -31.013952 23.44064 74.44174 44.145485 53.006294 58.572044 71.25452 -42.833332 -35.66688 -44.122887 
-60.83955 62.222404 -34.088383 58.130955 58.160507 -74.08482 60.27516 -15.559008 59.467606 59.273766 -60.794476 7.3133907 61.917255 -60.725883 58.20302 60.11148 61.167942 59.78866 57.94452 -64.958885 57.92689 -31.308376 -69.3938 -38.45889 -62.63305 -46.539375 -73.261185 45.532253 58.287266 59.357475 
-60.12219 58.779827 -32.67281 56.750137 56.14281 -74.689865 57.258995 -13.099321 57.34532 57.5702 -61.150784 8.513093 59.009438 -60.66482 56.455173 58.383137 59.61964 59.156464 56.700207 -65.323265 56.94793 -29.772472 -69.693115 -37.323856 -62.918785 -47.305923 -73.33985 47.448814 56.554596 57.273773 
47.850914 -31.644447 18.723011 -24.028414 -28.590181 58.538204 -34.44424 1.163779 -32.853188 -28.126266 48.69935 -23.921547 -29.955177 43.607136 -29.450638 -34.248653 -35.76236 -42.549965 -22.173132 48.43454 -22.569376 16.97616 66.94985 38.472633 44.820747 51.035885 63.779583 -45.978146 -28.213621 -36.557583 
-54.03825 77.567635 -56.6876 75.501595 73.795395 -49.136776 70.27218 -51.862553 72.01246 74.13205 -51.995575 -29.928267 77.51509 -58.544468 74.22363 68.593506 67.89503 59.91392 78.427124 -54.746902 79.630066 -54.47005 -48.02645 -45.925064 -57.65042 -34.80697 -49.395874 -1.9787664 74.60551 67.970604 
-59.362457 62.228523 -35.372444 58.49559 58.039055 -72.91455 59.922935 -17.295494 59.486313 58.75073 -60.48566 4.802902 62.666046 -60.495888 58.190147 59.9219 61.396942 59.151558 59.230385 -64.31678 59.092712 -32.586006 -67.70409 -38.02263 -62.112514 -45.410015 -71.38341 43.602547 58.920204 59.387035 
45.825905 -29.651016 17.39696 -21.755646 -25.301027 56.467575 -32.137638 0.10546805 -30.088516 -25.597534 46.63074 -25.078596 -27.85903 41.536865 -27.152006 -32.193436 -33.10598 -40.180447 -20.071692 46.48117 -19.756996 15.690328 64.7353 36.417145 42.309715 48.82657 60.982307 -46.45786 -26.14481 -34.34719 
-60.74256 60.68829 -33.322525 57.155495 57.539146 -74.03767 59.370182 -14.397049 58.451008 58.128872 -60.964363 8.178213 60.35272 -60.72057 57.187588 59.457592 60.31237 59.71182 57.368286 -65.1617 57.20186 -30.164312 -69.35425 -38.37393 -62.47874 -46.905167 -73.59464 46.701767 56.984566 58.19609 
-60.34656 58.334938 -31.797703 55.908382 56.131504 -74.678696 57.315254 -12.350592 56.891636 56.854385 -60.899357 9.720352 58.53138 -60.54913 55.711124 57.496662 58.890217 58.842884 55.73491 -65.28352 55.51235 -29.267988 -69.93962 -37.96763 -62.076553 -47.55222 -74.12414 47.933704 55.761505 56.962296 
-60.323708 59.151405 -33.34052 57.19942 56.47274 -74.37769 57.865074 -13.892103 57.76798 57.498646 -60.895287 7.8253813 60.16231 -60.70483 56.40716 58.74833 60.05548 58.580265 56.94129 -65.41936 57.138294 -30.47471 -69.0053 -37.54385 -62.421967 -46.93638 -72.79378 46.742123 57.46386 57.737213 
-61.09564 65.37507 -36.604496 59.823532 59.666924 -73.75089 62.688953 -18.472225 62.241825 60.842213 -61.915653 3.7357833 65.25506 -61.91977 60.263214 62.568836 63.152443 60.667675 61.04571 -65.61896 60.528084 -33.590446 -68.891136 -39.743298 -63.39643 -46.09908 -72.59638 41.503883 60.73717 61.68402 
-59.294853 61.773388 -35.926296 58.63933 57.85663 -72.3823 59.554638 -17.832737 59.57947 58.74172 -60.13936 4.4200726 62.245888 -60.266247 57.781586 60.13637 61.246067 59.002098 59.576347 -64.312935 59.308826 -32.721836 -66.86335 -37.829445 -62.40239 -45.468224 -70.96328 43.392838 58.403603 59.306274 
-59.3186 57.834038 -32.737484 56.54311 56.065937 -73.92561 56.750828 -13.039147 56.705067 56.48908 -60.772224 8.906746 58.301357 -60.333923 55.46382 57.283936 59.364708 58.578636 56.373802 -65.05053 56.34491 -30.270628 -68.810745 -37.400265 -62.47702 -47.048977 -72.48569 47.517776 55.97874 56.76938 
36.726456 -20.98946 17.383291 -17.123672 -19.40593 46.72312 -23.857864 -8.116427 -22.078867 -19.209267 37.978874 -28.014267 -22.090689 33.987656 -18.977694 -25.782349 -28.100712 -33.212646 -13.207144 38.471375 -14.24604 16.011795 45.919445 28.366838 35.77668 39.327133 43.27698 -42.750122 -19.046179 -26.048637 
65.18663 -52.214497 32.05049 -55.02282 -55.645084 73.94584 -56.69061 12.401413 -55.75299 -54.200813 66.54529 -9.402388 -53.201538 61.199684 -55.25038 -57.425014 -57.098793 -59.15779 -53.71915 66.11708 -52.511845 31.606861 85.31405 49.608925 62.571064 57.982777 82.5963 -38.372322 -55.045025 -58.673393 
36.696667 -21.49693 15.000127 -14.2797985 -16.233429 46.632977 -22.709515 -3.9753096 -20.183529 -16.668371 37.129066 -29.79517 -20.084768 32.61027 -17.480846 -24.546991 -23.796885 -31.587738 -12.008165 37.376774 -10.179322 12.954123 51.4245 28.391882 34.033104 37.945045 48.332382 -46.40383 -15.782724 -24.026522 
-54.024406 68.52146 -51.844986 71.89563 72.229614 -44.921856 69.28309 -43.20225 72.08953 71.178276 -53.822277 -30.584318 69.81201 -54.02077 72.49281 66.46209 65.46168 53.951572 74.62813 -51.943317 74.89275 -53.500946 -44.48828 -52.227627 -52.64321 -44.87726 -45.121197 -14.048878 73.12271 68.102615 
-61.032887 60.588722 -32.478046 56.740997 56.8951 -75.15172 59.5077 -13.405628 58.28572 57.56577 -61.800747 8.858762 59.932655 -60.765564 57.404827 59.04939 59.865997 59.72615 57.178623 -65.52538 56.76606 -30.158575 -70.7571 -38.82893 -63.067772 -47.46478 -74.06051 46.86169 57.71546 58.88764 
-60.519417 59.633064 -32.79397 56.569473 57.350613 -74.615654 58.665688 -13.264 58.435844 58.066635 -61.352825 9.096416 59.880974 -60.42947 56.879513 58.850323 59.775368 59.486668 56.66121 -65.443054 56.55949 -30.15598 -70.04091 -38.481216 -62.733196 -47.572796 -73.96337 47.2683 56.736565 57.6035 
63.834747 -51.82205 28.349867 -49.752888 -52.922615 72.872734 -54.385708 10.373635 -53.345028 -52.347366 64.065475 -13.6553955 -50.73004 58.713913 -54.13605 -52.90818 -54.65147 -57.76008 -48.276985 63.718964 -49.99534 27.061098 82.324844 48.164696 60.189144 54.710987 79.786514 -40.844067 -52.816082 -56.165325 
63.084217 -51.516056 28.62791 -49.178158 -52.632942 73.04875 -53.843803 11.350419 -53.040245 -51.573288 63.98274 -13.691586 -50.408905 58.509045 -53.360302 -52.075752 -54.29641 -57.854076 -48.325764 63.467865 -49.656727 26.996128 81.76769 48.02094 59.34568 53.812523 78.568985 -40.810772 -52.823296 -55.81739 
-50.228424 73.46782 -57.02032 74.438835 72.89511 -45.99579 66.74919 -51.98773 69.28011 72.883644 -48.951126 -30.476997 75.051285 -56.147358 71.867905 65.49715 66.099815 58.133102 77.63543 -53.26316 79.06851 -54.831192 -44.327118 -43.09014 -56.105095 -33.131554 -45.502647 -0.8601113 72.812675 65.25423 
-55.04286 42.843628 -16.590433 39.770927 44.423798 -70.40458 45.44327 2.3051772 43.854397 43.95776 -56.850544 24.346254 40.192474 -50.769676 45.82429 41.93829 45.018944 49.952106 38.047882 -57.595074 40.61237 -15.218565 -69.1008 -38.378082 -52.36629 -52.022575 -69.27408 49.72251 44.460075 47.92074 
65.2679 -55.50469 30.392513 -52.741055 -56.34506 74.30604 -57.274853 12.090364 -57.12806 -55.85753 66.02686 -11.7119 -54.699306 61.00263 -57.504753 -55.49777 -57.184917 -59.715298 -52.431446 65.74777 -53.4676 28.753847 83.547005 48.99478 61.707855 53.718487 80.49854 -39.88156 -56.73443 -58.98062 
-60.938923 61.4127 -36.739902 61.844597 62.034943 -65.16805 65.82674 -17.46044 67.78815 61.87096 -62.577263 -4.913871 62.796875 -57.675297 62.25535 65.86851 63.84962 54.30816 62.974854 -60.95882 61.198837 -37.751827 -65.30446 -49.1185 -58.49541 -55.318787 -68.16655 9.935587 62.804585 65.56393 
-60.56251 61.170826 -34.242638 57.77872 58.09909 -73.43255 59.68615 -16.012259 60.03864 59.07581 -60.925014 6.348218 61.911163 -60.430477 57.985847 60.695072 60.820053 59.875446 58.450245 -64.67538 57.999565 -31.028673 -68.57076 -38.258858 -62.493614 -46.02636 -72.10784 45.892876 57.42197 58.420113 
44.19772 -26.641413 19.073347 -24.352484 -26.833261 54.831627 -32.12001 -3.3410506 -30.823559 -27.138407 45.363274 -24.397713 -26.898943 40.718178 -26.84147 -33.54195 -35.87043 -40.021225 -20.014473 46.478786 -20.54988 18.338465 57.705017 35.604843 42.703312 47.93638 55.08061 -43.616886 -25.448631 -33.76562 
38.82523 -23.630442 15.425412 -15.486728 -17.739174 49.27265 -24.568592 -2.684824 -22.635311 -18.3301 39.394176 -29.009909 -21.821352 35.0796 -19.466082 -26.190542 -25.770155 -33.67835 -13.629296 39.364292 -11.55621 13.223243 55.002388 30.733072 36.027935 40.928886 51.70082 -46.979164 -18.309437 -26.023933 
kernel5
bias5
13.957585 -25.979475 4.5054364 2.8501596 -15.26006 12.712699 -15.475797 2.9781978 -10.086729 -8.293201 7.023383 1.026247 -12.738374 5.9003663 -21.253407 -9.309543 3.6059935 -11.012075 -10.638803 6.7421412 -0.63244104 4.796107 -0.50919825 10.884843 4.82332 -24.346535 -6.3429914 0.032020077 -4.6389046 -4.602041 
bias5
kernel6
-42.28081 -24.414394 -54.005753 -85.67775 -66.32496 -38.337685 -40.5387 -36.17516 -28.895445 -37.212788 -60.015923 -59.42054 -48.175716 -61.272312 -56.815643 -6.87662 
36.725163 21.403791 45.136032 73.98795 60.36754 34.90423 35.676357 33.765503 26.81955 32.163464 51.44063 52.273 43.521114 57.23086 56.81138 10.560066 
-24.019283 -9.62413 -27.664991 -57.67284 -48.995785 -26.837496 -26.488848 -21.009027 -11.161137 -13.322335 -32.3 -38.32131 -27.449554 -44.890594 -44.348347 -10.690647 
35.389317 21.428461 42.629463 71.76558 58.687973 33.48728 34.504425 30.296228 24.573044 30.202093 47.79369 50.725212 41.79906 54.55381 55.794518 14.105088 
36.43727 21.689081 42.078487 69.310165 59.144814 33.562218 34.87775 33.686817 26.100964 32.25596 50.665546 53.514656 43.878845 56.72565 58.096413 12.279378 
-48.06367 -26.546896 -61.321503 -96.46826 -76.45373 -48.408993 -46.749195 -33.99164 -34.51492 -43.148384 -64.25662 -64.02633 -48.11803 -65.37723 -50.08471 -1.9911529 
38.24315 22.88825 46.80654 75.57329 62.71989 36.684628 37.17518 33.977715 27.373123 34.505066 53.924835 56.09792 45.183853 59.706863 57.893436 10.816936 
7.998057 22.315416 9.573936 -21.76736 -16.149014 -6.151727 -13.3632 -13.6345005 1.3967934 6.674843 -6.2757173 -7.408631 8.642174 -17.524376 -24.588633 -5.829737 
38.18644 22.708384 45.66621 73.816986 61.733185 35.213795 36.678154 34.279232 26.985773 33.95515 52.850937 55.83202 45.326637 59.385063 57.75605 10.66341 
36.312336 21.884066 43.49005 72.20655 59.352417 33.77186 35.25638 32.836277 25.389286 32.003666 50.608967 52.88075 42.917004 56.870365 57.25597 11.708895 
-42.648254 -24.697983 -55.469265 -86.68757 -66.1543 -38.681843 -40.934765 -36.73054 -29.667967 -38.418144 -61.2058 -60.627426 -48.95427 -61.927067 -56.741066 -5.525779 
26.03449 41.749916 34.385674 6.775943 7.8496017 20.554272 11.368934 9.663944 20.41776 31.860937 21.620869 18.38619 31.947163 6.2753053 -0.78104705 7.842202 
36.941788 21.843786 44.902866 74.286064 61.136383 35.269386 35.316757 32.425335 26.118492 32.18969 51.09715 53.08233 43.479588 57.013947 56.497562 11.582832 
-41.7463 -23.940968 -52.847797 -85.26711 -67.505875 -39.494656 -39.682106 -33.142735 -28.640347 -36.166706 -56.65541 -57.693165 -46.001183 -61.673332 -56.968075 -8.717361 
35.72531 21.243574 42.614357 69.49276 59.339977 33.063095 34.893394 34.74272 27.039845 32.891476 51.168377 53.557804 44.044056 57.328556 58.355385 11.345074 
39.10058 23.17308 48.142017 79.06754 63.6645 36.610218 37.429367 32.67068 26.453163 33.783497 53.404957 55.538597 44.752403 59.04395 56.52968 10.884531 
39.220592 23.73587 47.37524 77.93649 65.08374 38.75069 36.9205 32.734158 27.297731 34.81151 54.4815 57.1163 44.870308 58.761448 56.909573 12.617541 
40.47214 23.407995 49.939945 81.71487 65.56184 37.914455 38.293423 33.48435 27.770788 35.431053 56.547977 57.507088 45.256023 60.52851 56.568417 9.730798 
35.100945 21.880634 42.506653 71.186646 57.49547 33.36598 34.361694 31.275429 24.103943 30.08066 47.952667 51.512318 41.523693 53.82067 56.93971 16.358944 
-43.616722 -25.673523 -55.3313 -89.92614 -70.522514 -41.80185 -41.76422 -34.16472 -29.865099 -38.970818 -59.705025 -60.81972 -47.4325 -63.854412 -56.26693 -7.581702 
33.995304 20.940016 39.1347 66.82101 56.558674 32.942406 33.8473 32.01123 25.343039 30.944677 47.444267 51.070244 42.012276 54.3193 56.672024 15.616083 
-21.513771 -6.80872 -23.84398 -53.53936 -44.887836 -23.65457 -26.073992 -21.014805 -9.348289 -11.042788 -29.167185 -34.507923 -24.134413 -42.26524 -41.11032 -9.787156 
-45.7866 -34.5597 -63.61419 -72.9057 -51.579575 -50.40557 -46.442802 -31.246262 -35.576405 -60.835167 -84.133385 -69.4418 -71.33219 -33.373474 -33.80167 -20.301071 
-32.62575 -16.577095 -43.57244 -72.980255 -57.868027 -32.228825 -35.62518 -35.104023 -24.962925 -30.545872 -53.23481 -52.03873 -41.842747 -52.6143 -53.16126 -6.360343 
-42.068256 -24.408342 -53.2343 -87.36762 -68.38632 -40.234047 -40.29816 -33.37879 -28.658913 -36.66921 -57.415577 -58.61297 -46.09893 -61.877937 -56.93165 -8.8882675 
-39.33081 -37.248173 -42.089695 -30.971682 -28.031351 -35.609573 -34.641994 -24.499561 -43.289757 -49.71335 -49.116894 -33.802814 -48.051395 -21.58373 -10.249647 -2.6987443 
-47.020348 -36.080803 -65.97656 -75.92793 -55.672318 -57.380623 -48.390507 -25.671936 -37.214886 -61.631466 -80.022766 -66.3306 -71.561424 -36.609478 -32.51182 -18.964745 
29.167965 41.784782 40.405945 16.842983 15.943576 28.653368 17.289856 8.032232 22.59361 37.070488 32.20325 25.321344 32.33105 12.894678 4.7410135 9.762006 
36.059326 22.399359 42.693367 69.05079 58.697353 34.258305 35.69771 34.293434 26.470818 33.15375 50.70149 54.429432 44.1225 57.73322 59.046707 13.412448 
38.307472 22.851841 46.599976 74.96904 63.49229 37.296772 37.625675 34.49811 28.212675 35.789547 54.7371 57.69087 45.930294 60.356552 58.70363 11.268916 
kernel6
bias6
-21.832909 3.1439474 4.9257693 3.1620228 0.46362206 -1.7219687 -0.81066287 -15.517841 -9.981503 -8.244889 3.6295717 8.510675 9.338175 -13.801552 -26.513216 -7.571276 
bias6
